8778.0 8978.0 8989.0
8336.0 8981.0 9549.0
8421.0 8452.0 9842.0
9242.0 8183.0 9239.0
8687.0 9067.0 9398.0
9348.0 8346.0 9221.0
9130.0 8325.0 9422.0
9259.0 8441.0 9035.0
9039.0 8872.0 9101.0
9310.0 8371.0 9233.0
8408.0 8653.0 9788.0
8439.0 9044.0 9530.0
8496.0 8829.0 9715.0
8538.0 8641.0 9800.0
9229.0 8504.0 9145.0
8537.0 8984.0 9481.0
9282.0 8434.0 9117.0
8465.0 8790.0 9760.0
8723.0 9016.0 9390.0
8843.0 8960.0 9158.0
8421.0 8998.0 9537.0
9208.0 8581.0 9200.0
8559.0 8581.0 9778.0
9077.0 8837.0 9126.0
9225.0 8471.0 9224.0
8609.0 8847.0 9682.0
9255.0 8388.0 9119.0
8548.0 8774.0 9759.0
8803.0 8976.0 9212.0
9202.0 8421.0 9355.0
8460.0 8862.0 9648.0
8966.0 8479.0 9610.0
9230.0 8373.0 9331.0
9181.0 8335.0 9386.0
9069.0 8763.0 9168.0
9248.0 8555.0 9114.0
9249.0 8460.0 9238.0
8582.0 8695.0 9720.0
8585.0 8842.0 9691.0
8602.0 8808.0 9696.0
8679.0 8683.0 9741.0
8625.0 9008.0 9399.0
9091.0 8709.0 9411.0
8760.0 8601.0 9734.0
8837.0 8923.0 9183.0
8747.0 9061.0 9251.0
8562.0 8978.0 9620.0
8993.0 8442.0 9630.0
8578.0 8948.0 9483.0
9203.0 8392.0 9258.0
8819.0 8930.0 9318.0
9152.0 8540.0 9309.0
8694.0 8643.0 9671.0
8414.0 8689.0 9784.0
8619.0 8912.0 9508.0
8730.0 8734.0 9663.0
8632.0 8882.0 9598.0
9188.0 8411.0 9364.0
9144.0 8400.0 9412.0
9134.0 8679.0 9214.0
8901.0 8884.0 9392.0
8888.0 8803.0 9485.0
8910.0 8891.0 9285.0
9188.0 8621.0 9252.0
9110.0 8513.0 9606.0
8706.0 8646.0 9670.0
8761.0 8623.0 9662.0
9142.0 8518.0 9414.0
9121.0 8613.0 9357.0
9107.0 8728.0 9193.0
8797.0 8915.0 9401.0
9160.0 8596.0 9305.0
9173.0 8532.0 9368.0
8982.0 8757.0 9383.0
9165.0 8599.0 9277.0
8603.0 8562.0 9746.0
9025.0 8549.0 9539.0
9187.0 8428.0 9349.0
8563.0 8952.0 9546.0
9144.0 8603.0 9291.0
8716.0 8842.0 9528.0
8665.0 8852.0 9540.0
9149.0 8607.0 9265.0
9218.0 8574.0 9252.0
9113.0 8508.0 9437.0
8943.0 8746.0 9448.0
9096.0 8590.0 9426.0
8961.0 8866.0 9299.0
8951.0 8545.0 9581.0
9050.0 8715.0 9339.0
8655.0 8897.0 9500.0
8955.0 8607.0 9566.0
9179.0 8536.0 9321.0
9032.0 8765.0 9283.0
8874.0 8774.0 9527.0
9105.0 8714.0 9250.0
9110.0 8633.0 9351.0
9098.0 8657.0 9342.0
8413.0 8831.0 9703.0
8977.0 8565.0 9529.0
8642.0 8859.0 9520.0
8876.0 8856.0 9398.0
8796.0 8603.0 9706.0
9155.0 8522.0 9377.0
8584.0 8924.0 9610.0
8859.0 8805.0 9453.0
8763.0 8920.0 9492.0
8770.0 8573.0 9716.0
8923.0 8873.0 9256.0
8749.0 8929.0 9456.0
9117.0 8478.0 9431.0
8867.0 8901.0 9380.0
9063.0 8711.0 9463.0
8770.0 8933.0 9398.0
9017.0 8738.0 9334.0
8783.0 8913.0 9474.0
8788.0 8880.0 9516.0
8990.0 8820.0 9175.0
9081.0 8647.0 9419.0
8646.0 8738.0 9654.0
8945.0 8525.0 9644.0
9014.0 8780.0 9348.0
8744.0 8815.0 9644.0
9101.0 8703.0 9281.0
8913.0 8760.0 9497.0
8907.0 8838.0 9371.0
8984.0 8664.0 9513.0
9048.0 8744.0 9324.0
8963.0 8681.0 9508.0
8759.0 8772.0 9648.0
9148.0 8549.0 9395.0
8969.0 8792.0 9377.0
8959.0 8726.0 9461.0
8624.0 8958.0 9463.0
9007.0 8553.0 9533.0
9104.0 8745.0 9232.0
8851.0 8919.0 9307.0
8767.0 8801.0 9600.0
8839.0 8641.0 9637.0
8805.0 8787.0 9518.0
8993.0 8731.0 9441.0
8691.0 8839.0 9533.0
8699.0 8835.0 9547.0
9017.0 8797.0 9222.0
8764.0 8736.0 9653.0
8799.0 8699.0 9642.0
9016.0 8667.0 9470.0
9108.0 8612.0 9362.0
9080.0 8651.0 9446.0
8828.0 8845.0 9439.0
8862.0 8613.0 9635.0
9064.0 8692.0 9451.0
8789.0 8951.0 9300.0
9002.0 8713.0 9349.0
8972.0 8737.0 9440.0
8967.0 8661.0 9536.0
8802.0 8869.0 9431.0
8962.0 8577.0 9552.0
8967.0 8561.0 9545.0
9180.0 8436.0 9270.0
8952.0 8770.0 9420.0
8818.0 8787.0 9494.0
9008.0 8812.0 9327.0
8930.0 8833.0 9366.0
8650.0 8704.0 9667.0
8903.0 8573.0 9694.0
8699.0 8943.0 9438.0
8814.0 8869.0 9425.0
8603.0 8945.0 9476.0
9063.0 8648.0 9502.0
9131.0 8685.0 9269.0
8748.0 8802.0 9584.0
8792.0 8895.0 9428.0
8984.0 8800.0 9361.0
8838.0 8779.0 9531.0
8800.0 8825.0 9449.0
8808.0 8685.0 9632.0
8815.0 8648.0 9642.0
9176.0 8675.0 9257.0
8940.0 8658.0 9543.0
8936.0 8729.0 9468.0
8652.0 8857.0 9541.0
8845.0 8779.0 9514.0
8744.0 8849.0 9523.0
9114.0 8675.0 9338.0
8744.0 8955.0 9346.0
8746.0 8926.0 9466.0
9131.0 8650.0 9329.0
8790.0 8860.0 9457.0
8999.0 8715.0 9377.0
8801.0 8819.0 9452.0
8982.0 8594.0 9520.0
8766.0 8946.0 9397.0
8979.0 8633.0 9521.0
9092.0 8731.0 9238.0
9011.0 8811.0 9271.0
8986.0 8739.0 9417.0
8681.0 8838.0 9537.0
8839.0 8810.0 9478.0
8926.0 8605.0 9647.0
9104.0 8578.0 9389.0
8790.0 8919.0 9358.0
8902.0 8828.0 9446.0
8861.0 8766.0 9541.0
8990.0 8744.0 9375.0
8954.0 8791.0 9382.0
9133.0 8564.0 9308.0
8925.0 8851.0 9355.0
8939.0 8790.0 9455.0
8647.0 8848.0 9544.0
8947.0 8801.0 9367.0
8799.0 8854.0 9450.0
8860.0 8893.0 9417.0
9116.0 8599.0 9364.0
8919.0 8883.0 9279.0
8932.0 8831.0 9375.0
9175.0 8562.0 9279.0
8795.0 8803.0 9519.0
9015.0 8712.0 9498.0
8946.0 8820.0 9416.0
9115.0 8693.0 9271.0
8889.0 8765.0 9457.0
9104.0 8712.0 9252.0
8804.0 8882.0 9424.0
8789.0 8830.0 9462.0
8679.0 8841.0 9530.0
8804.0 8789.0 9518.0
8680.0 8894.0 9501.0
8745.0 8809.0 9547.0
8784.0 8944.0 9387.0
8985.0 8558.0 9506.0
9179.0 8601.0 9267.0
8856.0 8762.0 9600.0
9255.0 8461.0 8991.0
8854.0 8612.0 9669.0
8892.0 8912.0 9376.0
8935.0 8739.0 9615.0
8745.0 8991.0 9343.0
9240.0 8473.0 9127.0
9233.0 8356.0 9281.0
8676.0 8828.0 9631.0
